version https://git-lfs.github.com/spec/v1
oid sha256:e16ef63b36fa00286ebec22008199012fe80eee95f9a9d7a1b6b0ebe276247a0
size 137927
